Detected Notes:

Bar 1:
crochet,67,43 [28, 22, 15, 9, 3]
crochet,106,33 [18, 12, 5, 1, 7]
crochet,135,28 [13, 7, 0, 6, 12]
quaver,164,22 [7, 1, 6, 12, 18]
quaver,186,25 [10, 4, 3, 9, 15]
crochet,216,28 [13, 7, 0, 6, 12]
crochet,246,34 [19, 13, 6, 0, 6]
crochet,276,34 [19, 13, 6, 0, 6]
crochet,314,31 [16, 10, 3, 3, 9]
quaver,343,25 [10, 4, 3, 9, 15]
quaver,365,28 [13, 7, 0, 6, 12]
quaver,386,31 [16, 10, 3, 3, 9]
quaver,408,34 [19, 13, 6, 0, 6]
crochet,438,37 [22, 16, 9, 3, 3]
crochet,467,43 [28, 22, 15, 9, 3]
crochet,497,43 [28, 22, 15, 9, 3]

Bar 2:
crotchet_rest,66,92 [12, 6, 0, 6, 12]
dotted_minim,105,102 [22, 16, 10, 4, 2]
dotted_minim,216,96 [16, 10, 4, 2, 8]
dotted_minim,316,96 [16, 10, 4, 2, 8]
dotted_minim,437,90 [10, 4, 2, 8, 14]

Bar 3:
crochet,56,180 [18, 12, 6, 0, 6]
quaver,91,174 [12, 6, 0, 6, 12]
quaver,116,177 [15, 9, 3, 3, 9]
quaver,142,180 [18, 12, 6, 0, 6]
quaver,167,183 [21, 15, 9, 3, 3]
crochet,202,187 [25, 19, 13, 7, 1]
crochet,237,193 [31, 25, 19, 13, 7]
crochet,272,187 [25, 19, 13, 7, 1]
crochet,316,190 [28, 22, 16, 10, 4]
crochet,352,180 [18, 12, 6, 0, 6]
crochet,387,183 [21, 15, 9, 3, 3]
minim,433,178 [16, 10, 4, 2, 8]
crochet,491,190 [28, 22, 16, 10, 4]

Bar 4:
dotted_minim,56,245 [19, 13, 7, 1, 5]
dotted_minim,200,240 [14, 8, 2, 4, 10]
minim,316,239 [13, 7, 1, 5, 11]
crochet,387,239 [13, 7, 1, 5, 11]
dotted_minim,433,250 [24, 18, 12, 6, 0]

Bar 5:
crochet,55,327 [19, 13, 7, 1, 5]
crochet,89,320 [12, 6, 0, 6, 12]
quaver,122,314 [6, 0, 6, 12, 18]
quaver,146,317 [9, 3, 3, 9, 15]
crochet,179,320 [12, 6, 0, 6, 12]
crochet,212,327 [19, 13, 7, 1, 5]
crochet,246,326 [18, 12, 6, 0, 6]
crochet,288,323 [15, 9, 3, 3, 9]
quaver,321,317 [9, 3, 3, 9, 15]
quaver,345,320 [12, 6, 0, 6, 12]
quaver,369,323 [15, 9, 3, 3, 9]
quaver,393,327 [19, 13, 7, 1, 5]
crochet,427,329 [21, 15, 9, 3, 3]
crochet,460,336 [28, 22, 16, 10, 4]
crochet,493,336 [28, 22, 16, 10, 4]

Bar 6:
dotted_minim,57,396 [24, 18, 12, 6, 0]
dotted_minim,180,391 [19, 13, 7, 1, 5]
dotted_minim,286,386 [14, 8, 2, 4, 10]
dotted_minim,426,382 [10, 4, 2, 8, 14]

Bar 7:
crochet,55,473 [19, 13, 7, 1, 5]
quaver,89,467 [13, 7, 1, 5, 11]
quaver,114,469 [15, 9, 3, 3, 9]
quaver,139,473 [19, 13, 7, 1, 5]
quaver,163,476 [22, 16, 10, 4, 2]
crochet,197,479 [25, 19, 13, 7, 1]
crochet,231,485 [31, 25, 19, 13, 7]
crochet,265,479 [25, 19, 13, 7, 1]
crochet,308,482 [28, 22, 16, 10, 4]
crochet,342,473 [19, 13, 7, 1, 5]
crochet,376,476 [22, 16, 10, 4, 2]
minim,421,472 [18, 12, 6, 0, 6]
quaver,477,467 [13, 7, 1, 5, 11]
quaver,502,463 [9, 3, 3, 9, 15]

Bar 8:
dotted_minim,57,536 [18, 12, 6, 1, 7]
dotted_minim,197,534 [16, 10, 4, 3, 9]
minim,309,531 [13, 7, 1, 6, 12]
crochet,376,539 [21, 15, 9, 2, 4]
dotted_minim,421,541 [23, 17, 11, 4, 2]
