Crotchet,67,43,175,1,[132, 138, 144, 145, 151]
Crotchet,106,33,175,1,[142, 148, 154, 155, 161]
Crotchet,135,28,175,1,[147, 153, 159, 160, 166]
Crotchet,164,22,175,1,[153, 159, 165, 166, 172]
Crotchet,186,25,175,1,[150, 156, 162, 163, 169]
Crotchet,216,28,175,1,[147, 153, 159, 160, 166]
Crotchet,246,34,175,1,[141, 147, 153, 154, 160]
Crotchet,276,34,175,1,[141, 147, 153, 154, 160]
Crotchet,314,31,175,1,[144, 150, 156, 157, 163]
Crotchet,343,25,175,1,[150, 156, 162, 163, 169]
Crotchet,365,28,175,1,[147, 153, 159, 160, 166]
Crotchet,386,31,175,1,[144, 150, 156, 157, 163]
Crotchet,408,34,175,1,[141, 147, 153, 154, 160]
Crotchet,438,37,175,1,[138, 144, 150, 151, 157]
Crotchet,467,43,175,1,[132, 138, 144, 145, 151]
Crotchet,497,43,175,1,[132, 138, 144, 145, 151]
Crotchet,66,92,175,1,[83, 89, 95, 96, 102]
Minim,105,102,175,2,[73, 79, 85, 86, 92]
Minim,216,96,175,2,[79, 85, 91, 92, 98]
Minim,316,96,175,2,[79, 85, 91, 92, 98]
Minim,437,90,175,2,[85, 91, 97, 98, 104]
Crotchet,56,180,181,1,[-5, 1, 7, 8, 14]
Crotchet,91,174,175,1,[1, 7, 13, 14, 20]
Crotchet,116,177,175,1,[-2, 4, 10, 11, 17]
Crotchet,142,180,181,1,[-5, 1, 7, 8, 14]
Crotchet,167,183,181,1,[-8, -2, 4, 5, 11]
Crotchet,202,187,187,1,[-12, -6, 0, 1, 7]
Crotchet,237,193,194,1,[-18, -12, -6, -5, 1]
Crotchet,272,187,187,1,[-12, -6, 0, 1, 7]
Crotchet,316,190,188,1,[-15, -9, -3, -2, 4]
Crotchet,352,180,181,1,[-5, 1, 7, 8, 14]
Crotchet,387,183,181,1,[-8, -2, 4, 5, 11]
Minim,433,178,175,2,[-3, 3, 9, 10, 16]
Crotchet,491,190,188,1,[-15, -9, -3, -2, 4]
Minim,56,245,246,2,[-45, -6, -5, 1, 7]
Minim,200,240,240,2,[-40, -1, 0, 6, 12]
Minim,316,239,239,2,[-39, 0, 1, 7, 13]
Crotchet,387,239,239,1,[-39, 0, 1, 7, 13]
Minim,433,251,252,2,[-51, -12, -11, -5, 1]
Crotchet,55,327,328,1,[-69, -63, -5, 1, 7]
Crotchet,89,320,322,1,[-62, -56, 2, 8, 14]
Crotchet,122,314,322,1,[-56, -50, 8, 14, 20]
Crotchet,146,317,322,1,[-59, -53, 5, 11, 17]
Crotchet,179,320,322,1,[-62, -56, 2, 8, 14]
Crotchet,212,327,328,1,[-69, -63, -5, 1, 7]
Crotchet,246,326,328,1,[-68, -62, -4, 2, 8]
Crotchet,288,323,322,1,[-65, -59, -1, 5, 11]
Crotchet,321,317,322,1,[-59, -53, 5, 11, 17]
Crotchet,345,320,322,1,[-62, -56, 2, 8, 14]
Crotchet,369,323,322,1,[-65, -59, -1, 5, 11]
Crotchet,393,327,328,1,[-69, -63, -5, 1, 7]
Crotchet,427,329,328,1,[-71, -65, -7, -1, 5]
Crotchet,460,336,334,1,[-78, -72, -14, -8, -2]
Crotchet,493,336,334,1,[-78, -72, -14, -8, -2]
Minim,57,397,398,2,[-57, -51, -11, -5, 1]
Minim,180,391,392,2,[-51, -45, -5, 1, 7]
Minim,286,386,386,2,[-46, -40, 0, 6, 12]
Minim,426,382,386,2,[-42, -36, 4, 10, 16]
Crotchet,55,473,474,1,[-69, -63, -5, 1, 7]
Crotchet,89,467,468,1,[-63, -57, 1, 7, 13]
Crotchet,114,469,468,1,[-65, -59, -1, 5, 11]
Crotchet,139,473,474,1,[-69, -63, -5, 1, 7]
Crotchet,163,476,474,1,[-72, -66, -8, -2, 4]
Crotchet,197,479,480,1,[-75, -69, -11, -5, 1]
Crotchet,231,485,486,1,[1, 7, 47, 53, 59]
Crotchet,265,479,480,1,[-75, -69, -11, -5, 1]
Crotchet,308,482,480,1,[-78, -72, -14, -8, -2]
Crotchet,342,473,474,1,[-69, -63, -5, 1, 7]
Crotchet,376,476,474,1,[-72, -66, -8, -2, 4]
Minim,421,472,474,2,[-68, -62, -4, 2, 8]
Crotchet,477,467,468,1,[-63, -57, 1, 7, 13]
Crotchet,502,463,468,1,[-59, -53, 5, 11, 17]
Minim,57,536,538,2,[-50, -44, -4, 2, 8]
Minim,197,534,532,2,[-48, -42, -2, 4, 10]
Minim,309,531,532,2,[-45, -39, 1, 7, 13]
Crotchet,376,539,538,1,[-53, -47, -7, -1, 5]
Minim,421,541,538,2,[-55, -49, -9, -3, 3]
